# Time	G_on.ParticleNumber	G_off.ParticleNumber	Prot.ParticleNumber	
0	1	0	0	
0.86873	1	0	1	
1.16177	1	0	2	
1.49608	0	1	2	
13.3845	1	0	2	
14.4466	1	0	3	
14.8437	1	0	4	
15.5472	1	0	5	
17.3513	1	0	6	
17.7593	1	0	7	
18.2897	0	1	7	
21.1458	1	0	7	
22.9052	1	0	8	
23.1081	0	1	8	
27.4101	0	1	7	
29.975	1	0	7	
30.2608	1	0	8	
31.9201	1	0	9	
32.5164	0	1	9	
36.8001	0	1	8	
36.9415	0	1	7	
52.2067	0	1	6	
53.8582	1	0	6	
54.3504	1	0	7	
56.4647	1	0	8	
56.9408	1	0	9	
57.7005	1	0	10	
57.8021	1	0	11	
58.3185	1	0	12	
58.8275	1	0	13	
58.9359	1	0	12	
58.9634	1	0	13	
60.6915	1	0	14	
62.1286	1	0	15	
62.7056	0	1	15	
67.4569	0	1	14	
68.6893	0	1	13	
79.1582	0	1	12	
89.5089	0	1	11	
100.933	0	1	10	
103.733	0	1	9	
108.592	0	1	8	
108.922	1	0	8	
112.572	1	0	7	
113.136	1	0	8	
113.869	0	1	8	
117.458	1	0	8	
117.831	1	0	9	
118.099	1	0	10	
118.612	1	0	11	
120.878	0	1	11	
120.928	0	1	10	
123.239	0	1	9	
126.778	0	1	8	
130.542	0	1	7	
133.596	0	1	6	
138.503	0	1	5	
147.716	0	1	4	
151.519	1	0	4	
151.839	1	0	5	
152.478	1	0	6	
152.643	1	0	7	
152.864	1	0	8	
152.955	1	0	9	
153.076	0	1	9	
154.389	0	1	8	
158.236	0	1	7	
159.131	0	1	6	
160.619	0	1	5	
173.222	0	1	4	
176.703	1	0	4	
176.818	1	0	5	
177.943	1	0	6	
179.025	1	0	7	
179.932	1	0	8	
180.27	1	0	7	
182.07	1	0	8	
182.185	1	0	9	
185.783	1	0	8	
186.223	1	0	9	
187.99	1	0	10	
188.232	1	0	11	
188.966	1	0	10	
188.98	1	0	11	
189.754	1	0	12	
192.14	1	0	13	
192.16	1	0	12	
192.479	1	0	13	
192.533	1	0	12	
192.539	1	0	13	
193.053	1	0	14	
193.104	1	0	15	
193.134	1	0	16	
193.176	1	0	17	
193.193	1	0	18	
193.273	1	0	19	
193.687	1	0	20	
196.179	0	1	20	
196.404	0	1	19	
200	0	1	19	
nan	nan	nan	nan	
0	1	0	0	
0.585216	1	0	1	
1.53143	1	0	2	
2.42535	1	0	3	
3.38208	1	0	4	
4.58723	1	0	5	
4.95626	0	1	5	
12.8733	0	1	4	
13.1426	1	0	4	
13.1927	1	0	5	
13.715	1	0	6	
14.5673	1	0	7	
15.3661	1	0	8	
15.4893	1	0	9	
15.6393	1	0	10	
15.9278	1	0	11	
16.3444	1	0	12	
16.4673	1	0	13	
16.7082	0	1	13	
25.2574	1	0	13	
25.567	1	0	14	
25.641	1	0	15	
26.8989	1	0	16	
27.1577	1	0	17	
27.7097	1	0	18	
28.0711	1	0	19	
29.4127	1	0	18	
29.6597	1	0	19	
32.1239	1	0	18	
32.7474	1	0	19	
33.8499	1	0	18	
35.5347	1	0	17	
35.7144	1	0	16	
36.2907	1	0	15	
36.8068	1	0	16	
37.0243	1	0	17	
38.5153	1	0	18	
39.9143	1	0	19	
40.6382	1	0	20	
40.9714	1	0	21	
41.0328	1	0	22	
44.0138	1	0	23	
44.7151	1	0	22	
45.4567	1	0	23	
45.9745	1	0	22	
46.0203	0	1	22	
52.3008	0	1	21	
54.5637	0	1	20	
59.1429	0	1	19	
59.2612	0	1	18	
61.821	0	1	17	
61.8961	0	1	16	
62.9005	0	1	15	
65.4367	0	1	14	
67.0342	0	1	13	
67.6988	0	1	12	
71.9326	0	1	11	
75.5861	0	1	10	
81.0845	0	1	9	
83.2782	0	1	8	
88.0596	0	1	7	
96.2074	0	1	6	
97.6069	1	0	6	
97.9678	1	0	7	
100.94	1	0	8	
103.214	1	0	9	
103.999	1	0	10	
104.938	1	0	11	
105.378	1	0	12	
105.442	1	0	13	
105.887	1	0	12	
106.293	1	0	11	
106.377	1	0	12	
106.525	1	0	13	
107.335	1	0	12	
107.562	1	0	11	
108.007	1	0	12	
108.492	1	0	13	
108.879	0	1	13	
108.925	0	1	12	
110.018	0	1	11	
123.839	0	1	10	
123.944	0	1	9	
126.891	0	1	8	
140.976	0	1	7	
144.976	0	1	6	
145	0	1	5	
145.768	1	0	5	
146.699	1	0	6	
147.068	1	0	7	
147.165	1	0	8	
149.394	1	0	9	
150.796	1	0	10	
152.403	1	0	11	
152.57	1	0	12	
152.621	1	0	13	
153.019	1	0	14	
153.369	1	0	13	
153.747	1	0	12	
154.216	1	0	11	
155.443	1	0	12	
155.493	1	0	13	
156.046	0	1	13	
160.128	0	1	12	
163.038	0	1	11	
165.312	0	1	10	
171.815	0	1	9	
172.137	1	0	9	
172.431	0	1	9	
173.035	0	1	8	
175.089	1	0	8	
175.223	1	0	9	
175.595	1	0	8	
175.596	1	0	9	
175.745	1	0	10	
176.76	1	0	11	
176.778	1	0	12	
177.033	1	0	11	
177.544	1	0	12	
177.998	0	1	12	
180.173	0	1	11	
188.757	0	1	10	
193.036	0	1	9	
200	0	1	9	
nan	nan	nan	nan	
0	1	0	0	
0.856932	1	0	1	
2.29559	1	0	2	
2.32863	1	0	3	
3.15367	1	0	4	
4.29316	1	0	5	
4.78357	1	0	6	
5.88817	1	0	7	
8.80324	0	1	7	
16.5426	0	1	6	
26.5802	0	1	5	
32.1628	0	1	4	
32.7407	0	1	3	
44.8501	0	1	2	
61.3183	0	1	1	
82.1873	1	0	1	
82.567	1	0	2	
83.1153	1	0	3	
83.2986	1	0	4	
83.4135	1	0	5	
87.7687	1	0	6	
88.0143	1	0	7	
88.3651	1	0	8	
89.1455	1	0	9	
89.2542	1	0	10	
90.049	1	0	11	
91.0389	1	0	12	
91.953	1	0	13	
92.6264	1	0	14	
93.7996	1	0	15	
94.4046	1	0	16	
94.5746	1	0	17	
96.513	1	0	18	
96.6794	1	0	19	
97.2689	1	0	20	
97.8575	0	1	20	
102.259	0	1	19	
103.135	1	0	19	
104.433	1	0	20	
104.586	1	0	21	
105.011	1	0	22	
105.184	1	0	21	
105.59	1	0	22	
105.676	1	0	21	
108.159	1	0	22	
108.211	1	0	23	
108.562	1	0	22	
108.692	1	0	23	
108.782	1	0	24	
110.349	1	0	23	
110.492	0	1	23	
111.109	0	1	22	
112.261	0	1	21	
113.519	0	1	20	
116.268	0	1	19	
120.139	0	1	18	
120.439	0	1	17	
137.672	0	1	16	
140.312	0	1	15	
147.85	0	1	14	
150.121	0	1	13	
157.762	0	1	12	
158.487	1	0	12	
158.71	1	0	13	
158.911	1	0	14	
159.466	1	0	15	
159.803	1	0	16	
161.318	1	0	17	
163.589	1	0	18	
163.739	1	0	19	
164.75	1	0	20	
164.915	1	0	21	
165.026	1	0	20	
165.048	1	0	21	
165.825	1	0	22	
166.13	1	0	23	
166.295	1	0	24	
166.888	1	0	25	
167.182	1	0	26	
169.491	1	0	27	
169.56	1	0	28	
171.189	0	1	28	
172.752	0	1	27	
183.088	0	1	26	
186.785	0	1	25	
190.275	1	0	25	
190.693	1	0	26	
190.814	1	0	25	
192.112	1	0	26	
192.477	0	1	26	
195.1	0	1	25	
196.192	0	1	24	
199.925	0	1	23	
200	0	1	23	
nan	nan	nan	nan	
0	1	0	0	
0.137983	1	0	1	
0.76327	1	0	2	
1.72296	0	1	2	
16.5447	0	1	1	
48.6909	0	1	0	
59.6559	1	0	0	
60.4574	1	0	1	
60.9877	1	0	2	
61.3697	1	0	3	
61.4842	1	0	4	
62.3569	1	0	5	
63.2935	1	0	4	
66.1911	0	1	4	
80.5568	1	0	4	
81.1576	1	0	5	
83.0746	1	0	6	
83.6627	1	0	7	
84.8086	1	0	8	
84.9339	1	0	9	
87.1557	1	0	10	
87.3509	1	0	11	
87.6836	1	0	12	
88.4648	1	0	13	
88.6256	1	0	14	
89.3997	1	0	15	
91.108	1	0	16	
93.0764	1	0	17	
93.3921	0	1	17	
94.5087	0	1	16	
99.777	0	1	15	
103.655	0	1	14	
119.46	0	1	13	
121.941	0	1	12	
122.62	0	1	11	
122.637	0	1	10	
123.561	0	1	9	
133.443	1	0	9	
135.029	1	0	10	
137.985	1	0	11	
139.24	1	0	12	
140.28	1	0	13	
140.875	1	0	14	
142.181	1	0	15	
142.926	1	0	14	
143.851	1	0	15	
144.027	1	0	16	
144.096	1	0	17	
145.998	1	0	18	
146.254	1	0	19	
146.373	1	0	20	
146.405	1	0	19	
147.288	1	0	18	
148.78	1	0	19	
149.639	1	0	20	
150.329	1	0	21	
150.602	1	0	22	
150.95	1	0	21	
151.104	1	0	22	
152.04	1	0	23	
153.255	1	0	24	
154.452	1	0	25	
154.546	1	0	26	
154.712	1	0	27	
155.229	1	0	28	
156.248	1	0	27	
156.722	1	0	28	
156.962	1	0	29	
157.579	1	0	28	
157.642	1	0	29	
157.918	1	0	30	
158.021	1	0	31	
159.958	1	0	32	
160.685	1	0	33	
160.71	1	0	32	
161.665	1	0	33	
162.437	1	0	32	
162.944	1	0	33	
163.502	1	0	34	
164.724	1	0	33	
166.149	1	0	32	
167.21	1	0	33	
168.908	1	0	34	
169.766	1	0	33	
169.975	1	0	34	
170.093	1	0	33	
170.663	1	0	34	
170.755	0	1	34	
171.587	1	0	34	
172.723	1	0	33	
173.012	1	0	34	
173.301	0	1	34	
175.266	0	1	33	
176.278	0	1	32	
176.771	0	1	31	
177.347	0	1	30	
181.4	0	1	29	
181.729	0	1	28	
182.841	0	1	27	
183.124	0	1	26	
184.319	0	1	25	
184.622	0	1	24	
187.387	0	1	23	
188.562	0	1	22	
190.816	1	0	22	
191.263	1	0	23	
191.693	1	0	24	
191.745	1	0	23	
191.872	1	0	22	
192.289	1	0	21	
192.669	1	0	22	
193.853	1	0	23	
194.634	1	0	24	
195.264	1	0	23	
195.501	1	0	24	
195.856	1	0	25	
196.395	1	0	26	
196.429	0	1	26	
198.592	0	1	25	
198.75	0	1	24	
199.646	1	0	24	
200	1	0	24	
nan	nan	nan	nan	
0	1	0	0	
0.399769	1	0	1	
1.14537	1	0	2	
1.22584	1	0	3	
1.2695	1	0	4	
2.32609	1	0	5	
4.00126	1	0	6	
6.29747	1	0	7	
6.35059	1	0	8	
8.34209	1	0	9	
8.91799	1	0	8	
9.13367	1	0	9	
10.2208	1	0	10	
10.4026	1	0	11	
10.5322	1	0	10	
10.9364	1	0	9	
11.544	1	0	10	
11.9766	1	0	11	
12.1422	1	0	12	
12.4107	1	0	13	
12.8747	1	0	14	
13.1462	1	0	15	
13.2494	1	0	16	
13.7479	1	0	17	
14.3498	1	0	18	
14.5092	1	0	19	
14.614	1	0	20	
15.311	1	0	21	
15.555	1	0	22	
15.8349	1	0	23	
16.7043	1	0	24	
17.4349	1	0	25	
18.3438	1	0	26	
18.3835	1	0	25	
19.0532	1	0	26	
19.0807	1	0	27	
19.2907	1	0	28	
19.5382	1	0	29	
19.9308	1	0	30	
22.2417	1	0	31	
23.6385	1	0	32	
23.8096	0	1	32	
24.4581	0	1	31	
27.4984	1	0	31	
27.9391	1	0	30	
28.3187	1	0	31	
28.7317	1	0	32	
31.3724	1	0	33	
32.2325	1	0	34	
32.8098	1	0	35	
33.797	0	1	35	
35.4903	0	1	34	
35.4971	0	1	33	
36.5227	0	1	32	
37.9693	0	1	31	
38.4473	0	1	30	
40.2732	0	1	29	
41.1872	0	1	28	
41.2157	0	1	27	
41.5071	0	1	26	
42.1425	0	1	25	
45.7803	0	1	24	
47.1881	0	1	23	
47.4991	0	1	22	
47.6887	0	1	21	
53.9834	0	1	20	
61.1767	0	1	19	
64.2149	0	1	18	
65.3384	0	1	17	
68.3748	0	1	16	
71.3383	0	1	15	
74.3359	0	1	14	
78.2558	1	0	14	
78.7756	1	0	13	
79.074	1	0	14	
81.2337	1	0	13	
82.3835	1	0	14	
82.842	1	0	15	
83.3186	1	0	16	
84.4269	1	0	17	
85.4185	1	0	18	
85.736	1	0	19	
85.7617	1	0	18	
86.0021	1	0	19	
86.6602	1	0	20	
86.7202	1	0	21	
86.7838	1	0	20	
86.8351	1	0	19	
87.0131	0	1	19	
90.4401	0	1	18	
96.4627	1	0	18	
96.9955	1	0	17	
98.2593	1	0	18	
98.5564	1	0	17	
99.6226	1	0	18	
100.581	1	0	17	
100.616	1	0	18	
101.842	1	0	17	
103.603	1	0	18	
104	1	0	19	
104.029	1	0	20	
104.443	1	0	21	
104.953	1	0	22	
105.372	1	0	23	
106.48	1	0	24	
106.546	1	0	23	
106.893	1	0	24	
107.019	1	0	25	
107.643	1	0	26	
107.899	1	0	27	
107.903	1	0	28	
108.021	0	1	28	
108.4	0	1	27	
112.312	0	1	26	
112.331	0	1	25	
112.872	0	1	24	
113.416	0	1	23	
114.786	0	1	22	
117.054	0	1	21	
117.732	0	1	20	
118.763	0	1	19	
119.153	0	1	18	
121.046	0	1	17	
122.926	0	1	16	
123.917	0	1	15	
132.169	0	1	14	
154.401	0	1	13	
157.524	0	1	12	
159.761	0	1	11	
167.239	0	1	10	
169.302	0	1	9	
169.388	1	0	9	
169.565	1	0	10	
171.239	1	0	11	
172.375	1	0	12	
172.789	1	0	13	
172.939	1	0	14	
172.944	1	0	13	
175.361	1	0	12	
177.13	1	0	13	
177.454	1	0	14	
180.613	1	0	15	
181.116	1	0	14	
182.421	1	0	15	
183.565	1	0	16	
183.692	1	0	17	
183.697	1	0	16	
184.181	1	0	15	
184.212	0	1	15	
185.319	0	1	14	
186.288	1	0	14	
187.881	1	0	15	
188.749	1	0	16	
189.125	0	1	16	
192.606	0	1	15	
195.157	0	1	14	
195.534	0	1	13	
196.397	0	1	12	
197.491	0	1	11	
200	0	1	11	
nan	nan	nan	nan	
0	1	0	0	
0.748141	0	1	0	
23.1169	1	0	0	
23.1894	1	0	1	
24.0706	1	0	2	
25.0051	1	0	3	
25.4956	1	0	4	
26.4398	1	0	5	
26.9453	1	0	6	
27.1681	1	0	7	
27.1726	1	0	8	
27.5732	1	0	9	
28.43	1	0	10	
28.5184	1	0	11	
31.2269	1	0	12	
31.5962	1	0	13	
32.1626	1	0	14	
32.7155	1	0	15	
33.0921	0	1	15	
34.6374	0	1	14	
36.4727	0	1	13	
39.5581	0	1	12	
39.6158	1	0	12	
39.8753	1	0	13	
39.9921	0	1	13	
47.2411	0	1	12	
50.4725	1	0	12	
50.7362	1	0	11	
51.0931	1	0	12	
51.1987	1	0	13	
51.2221	1	0	12	
52.7526	1	0	13	
52.9478	0	1	13	
54.0564	1	0	13	
54.5954	1	0	14	
54.9832	1	0	15	
55.5159	1	0	16	
57.4499	1	0	15	
57.9984	1	0	16	
58.8334	0	1	16	
59.4436	0	1	15	
63.3512	0	1	14	
66.3649	1	0	14	
66.7926	1	0	15	
66.8191	1	0	16	
68.183	1	0	17	
68.3711	1	0	18	
68.8849	1	0	17	
69.1703	1	0	18	
69.2117	1	0	19	
69.7486	1	0	20	
69.778	1	0	19	
70.9007	1	0	20	
72.2375	0	1	20	
72.5744	0	1	19	
73.5165	0	1	18	
75.5873	0	1	17	
77.8463	0	1	16	
82.957	0	1	15	
83.0023	0	1	14	
87.4785	0	1	13	
94.3942	0	1	12	
105.945	1	0	12	
106.274	1	0	13	
106.94	1	0	14	
107.272	1	0	13	
107.626	1	0	14	
107.988	1	0	15	
108.053	1	0	16	
108.093	1	0	15	
108.828	1	0	16	
110.017	1	0	17	
111.599	1	0	16	
112.739	1	0	15	
112.755	1	0	16	
113.541	1	0	17	
114.529	1	0	18	
114.895	1	0	17	
115.462	1	0	18	
115.542	1	0	19	
117.464	1	0	20	
118.295	1	0	21	
118.419	1	0	20	
118.563	1	0	21	
118.998	1	0	22	
119.091	1	0	23	
119.233	1	0	24	
119.71	1	0	25	
120.828	1	0	26	
122.294	1	0	27	
122.313	0	1	27	
124.976	0	1	26	
131.512	0	1	25	
133.967	0	1	24	
138.026	0	1	23	
140.645	1	0	23	
140.915	1	0	24	
141.656	1	0	25	
141.714	1	0	26	
141.749	0	1	26	
145.959	0	1	25	
146.453	1	0	25	
146.535	0	1	25	
148.08	1	0	25	
148.194	1	0	24	
148.224	1	0	23	
148.68	1	0	22	
148.956	1	0	21	
150.813	1	0	22	
152.114	1	0	21	
153.656	1	0	22	
153.671	0	1	22	
155.119	0	1	21	
155.413	0	1	20	
157.793	0	1	19	
158.855	0	1	18	
164.27	0	1	17	
164.525	0	1	16	
171.005	0	1	15	
172.613	1	0	15	
173.031	1	0	16	
173.876	1	0	17	
174.023	1	0	16	
174.371	1	0	15	
175.852	1	0	16	
176.026	1	0	17	
176.255	1	0	18	
176.384	1	0	19	
177.658	1	0	18	
178.86	1	0	19	
179.184	1	0	20	
179.468	1	0	21	
179.591	1	0	20	
180.832	1	0	21	
181.26	1	0	22	
181.665	1	0	21	
182.036	1	0	20	
182.709	1	0	21	
183.045	1	0	22	
183.413	1	0	23	
184.583	1	0	24	
185.782	1	0	25	
186.575	1	0	24	
187.563	1	0	25	
187.798	1	0	26	
193.423	1	0	25	
194.611	1	0	26	
194.691	1	0	27	
194.73	1	0	28	
194.993	1	0	29	
195.485	1	0	30	
195.586	1	0	29	
196.388	1	0	28	
196.487	1	0	29	
196.487	1	0	30	
196.732	1	0	31	
197.033	0	1	31	
197.345	1	0	31	
197.461	1	0	30	
197.846	1	0	31	
199.509	1	0	30	
199.778	0	1	30	
200	0	1	30	
nan	nan	nan	nan	
0	1	0	0	
0.603036	1	0	1	
1.61222	1	0	2	
1.99484	0	1	2	
4.6099	0	1	1	
26.2436	1	0	1	
27.1189	1	0	2	
28.8539	1	0	3	
28.8681	1	0	4	
30.8191	1	0	5	
31.6679	1	0	6	
32.4848	1	0	7	
35.2328	0	1	7	
36.0331	0	1	6	
38.503	0	1	5	
44.1073	1	0	5	
44.5047	1	0	6	
45.3511	1	0	7	
45.5942	1	0	8	
46.2841	1	0	9	
46.477	1	0	10	
48.8739	1	0	11	
48.8883	1	0	12	
49.2811	1	0	11	
49.3943	1	0	12	
50.1619	1	0	13	
50.2164	1	0	12	
51.5818	1	0	13	
52.1447	1	0	12	
53.3933	1	0	13	
54.6812	1	0	14	
55.6928	1	0	13	
56.7786	1	0	12	
58.9733	1	0	13	
59.5869	0	1	13	
62.083	0	1	12	
67.2271	1	0	12	
68.448	0	1	12	
71.7036	0	1	11	
72.309	1	0	11	
73.1572	1	0	10	
73.3149	1	0	11	
74.4319	1	0	12	
74.8645	1	0	13	
75.8019	1	0	14	
76.6014	1	0	13	
78.6028	1	0	12	
79.5964	1	0	13	
79.776	0	1	13	
83.2485	1	0	13	
83.711	1	0	14	
84.3674	1	0	15	
84.6226	1	0	16	
86.5541	1	0	17	
87.4313	1	0	18	
87.7613	1	0	19	
87.8485	1	0	20	
88.5979	1	0	21	
88.6122	1	0	22	
88.7435	1	0	23	
88.8779	1	0	24	
89.2551	1	0	25	
90.3249	1	0	26	
90.3335	1	0	27	
91.0206	1	0	26	
91.1638	1	0	27	
91.7146	1	0	26	
92.1869	1	0	27	
93.0483	1	0	28	
94.0329	1	0	29	
94.2956	1	0	30	
94.6381	1	0	29	
96.3614	1	0	28	
96.542	1	0	27	
97.0092	1	0	28	
97.3481	1	0	29	
98.0159	1	0	30	
98.3425	1	0	31	
98.5654	1	0	30	
99.7172	1	0	31	
99.986	1	0	32	
100.001	1	0	31	
100.02	1	0	32	
100.874	1	0	33	
100.885	1	0	32	
100.906	1	0	31	
103.13	1	0	32	
103.541	1	0	31	
103.836	1	0	30	
103.926	1	0	31	
103.949	1	0	30	
104.103	1	0	31	
104.132	1	0	32	
104.817	1	0	31	
105.124	1	0	32	
105.594	1	0	33	
105.786	1	0	34	
106.926	1	0	35	
108.015	1	0	36	
108.212	1	0	35	
109.641	1	0	36	
110.08	1	0	37	
111.216	1	0	36	
111.581	1	0	35	
112.067	1	0	34	
112.328	1	0	35	
112.557	1	0	36	
112.763	1	0	37	
115.145	1	0	36	
116.44	1	0	35	
117.007	1	0	36	
117.197	1	0	37	
117.927	1	0	36	
118.985	1	0	37	
120.292	1	0	36	
120.459	1	0	35	
120.624	1	0	36	
120.841	1	0	35	
121.812	1	0	36	
121.846	1	0	35	
122.023	1	0	34	
122.128	1	0	35	
122.372	1	0	34	
122.824	1	0	33	
123.035	1	0	32	
123.925	1	0	33	
124.278	1	0	32	
126.377	1	0	31	
126.754	1	0	32	
128.032	1	0	33	
128.244	1	0	32	
128.392	1	0	33	
128.645	1	0	32	
129.286	1	0	33	
129.786	1	0	32	
129.918	1	0	31	
132.376	1	0	30	
132.527	1	0	31	
133.131	1	0	32	
133.24	1	0	31	
133.51	1	0	32	
133.688	1	0	33	
133.754	1	0	32	
134.563	1	0	33	
134.759	1	0	32	
135.144	1	0	33	
135.516	1	0	34	
137.533	0	1	34	
138.569	0	1	33	
141.818	0	1	32	
142.044	1	0	32	
142.14	1	0	33	
142.514	1	0	34	
142.741	1	0	35	
142.979	1	0	36	
143.036	1	0	37	
143.365	1	0	38	
144.83	1	0	37	
144.979	1	0	38	
145.915	1	0	37	
146.025	1	0	36	
148.837	1	0	37	
149.519	1	0	38	
150.177	1	0	37	
150.384	1	0	36	
150.817	1	0	35	
152.159	1	0	34	
152.403	1	0	35	
153.469	0	1	35	
153.622	0	1	34	
155.709	0	1	33	
156.656	0	1	32	
160.219	0	1	31	
161.259	0	1	30	
161.373	0	1	29	
162.969	0	1	28	
163.112	0	1	27	
164.54	0	1	26	
166.8	0	1	25	
168.343	0	1	24	
169.361	0	1	23	
170.579	0	1	22	
172.961	0	1	21	
177.198	0	1	20	
177.901	0	1	19	
179.424	0	1	18	
182.061	0	1	17	
182.972	1	0	17	
184.269	1	0	18	
184.396	1	0	19	
185.298	1	0	20	
185.411	1	0	19	
185.718	1	0	20	
187.678	1	0	21	
188.516	1	0	22	
189.065	1	0	23	
189.182	1	0	24	
189.257	1	0	25	
189.538	1	0	26	
190.21	1	0	27	
190.502	1	0	26	
191.059	1	0	27	
192.414	1	0	28	
193.596	1	0	29	
194.035	1	0	30	
194.135	1	0	31	
194.365	1	0	32	
194.502	1	0	33	
195.252	1	0	34	
196.195	1	0	33	
197.293	1	0	32	
197.559	1	0	31	
197.718	1	0	32	
198.712	1	0	33	
198.797	1	0	32	
199.479	1	0	31	
199.582	1	0	30	
199.692	0	1	30	
200	0	1	30	
nan	nan	nan	nan	
0	1	0	0	
3.62672	1	0	1	
5.08532	1	0	2	
5.36489	1	0	3	
5.69954	1	0	4	
5.81354	1	0	5	
7.76109	1	0	6	
10.418	1	0	7	
11.037	0	1	7	
13.2791	1	0	7	
13.6949	1	0	8	
14.1457	1	0	9	
14.7111	1	0	10	
15.0227	1	0	11	
15.6319	1	0	12	
16.0294	0	1	12	
26.6976	1	0	12	
26.9017	1	0	13	
27.1357	1	0	14	
28.0108	1	0	15	
28.4062	1	0	16	
30.2598	1	0	17	
30.4213	1	0	16	
30.4541	1	0	15	
31.2739	1	0	16	
32.1455	1	0	17	
32.3087	1	0	18	
33.5785	1	0	19	
33.6594	1	0	18	
33.6918	1	0	19	
33.7716	1	0	20	
34.3873	1	0	19	
35.6623	1	0	20	
35.7739	1	0	21	
36.2843	1	0	22	
38.922	1	0	23	
39.0259	1	0	24	
40.167	1	0	25	
40.8946	1	0	26	
41.144	1	0	27	
42.1547	1	0	28	
43.1149	1	0	29	
43.1387	1	0	30	
43.2955	1	0	31	
43.3118	1	0	30	
43.7047	1	0	31	
44.0536	1	0	32	
45.1328	1	0	31	
45.8117	1	0	32	
45.8963	1	0	31	
46.0483	1	0	32	
47.1351	1	0	33	
47.3612	1	0	34	
48.3755	1	0	35	
48.6718	1	0	36	
48.7091	1	0	35	
48.8682	1	0	34	
50.9397	1	0	35	
51.4046	1	0	34	
51.4309	1	0	35	
51.9575	1	0	36	
52.185	1	0	35	
52.4071	1	0	36	
53.0028	1	0	35	
53.1011	1	0	36	
53.1258	1	0	35	
53.5594	1	0	36	
54.1892	0	1	36	
55.6439	0	1	35	
56.2846	0	1	34	
60.7182	0	1	33	
61.3332	0	1	32	
62.2344	0	1	31	
62.8879	0	1	30	
63.5707	0	1	29	
63.7105	0	1	28	
64.8216	0	1	27	
65.6078	0	1	26	
67.4693	0	1	25	
68.5905	0	1	24	
71.0844	0	1	23	
71.1393	0	1	22	
79.3199	1	0	22	
80.6949	1	0	23	
81.6504	1	0	22	
81.7188	1	0	23	
82.519	1	0	24	
82.5289	1	0	25	
83.3696	1	0	26	
83.9344	1	0	25	
84.1829	1	0	26	
84.9984	1	0	27	
85.6913	1	0	28	
85.8127	1	0	29	
86.1841	1	0	28	
86.3764	1	0	27	
87.0151	1	0	28	
87.1343	1	0	29	
90.4072	1	0	30	
91.2192	1	0	31	
91.4954	1	0	32	
91.63	1	0	33	
92.8419	1	0	32	
93.1707	1	0	33	
93.5762	1	0	34	
93.7436	1	0	35	
94.3025	1	0	36	
94.8293	1	0	35	
94.8834	1	0	36	
96.5746	1	0	35	
96.6708	1	0	34	
96.9065	1	0	35	
98.0378	1	0	34	
99.4631	1	0	35	
99.835	1	0	36	
100.213	1	0	35	
101.115	1	0	34	
101.222	1	0	33	
101.519	1	0	32	
102.072	0	1	32	
103.803	0	1	31	
107.533	0	1	30	
108.436	1	0	30	
108.505	1	0	31	
108.795	1	0	32	
108.855	1	0	33	
110.703	1	0	32	
110.899	1	0	31	
111.428	1	0	30	
111.843	1	0	31	
111.895	1	0	32	
112.796	1	0	31	
113.127	1	0	32	
113.181	1	0	33	
113.496	1	0	34	
113.743	1	0	35	
115.489	1	0	34	
116.31	1	0	33	
116.329	1	0	34	
116.479	1	0	35	
117.18	1	0	34	
117.845	1	0	35	
118.647	0	1	35	
121.842	0	1	34	
124.058	0	1	33	
124.517	0	1	32	
126.027	0	1	31	
127.748	0	1	30	
131.824	0	1	29	
131.963	0	1	28	
134.021	0	1	27	
134.442	0	1	26	
137.721	0	1	25	
143.83	0	1	24	
144.914	0	1	23	
149.413	0	1	22	
155.843	0	1	21	
155.923	0	1	20	
161.188	1	0	20	
162.498	1	0	21	
163.361	1	0	22	
163.745	1	0	23	
163.914	1	0	24	
164.019	0	1	24	
167.142	0	1	23	
169.789	0	1	22	
175.194	0	1	21	
183.243	0	1	20	
183.859	0	1	19	
184.259	0	1	18	
186.675	0	1	17	
189.355	0	1	16	
191.335	0	1	15	
192.586	0	1	14	
192.854	1	0	14	
193.438	1	0	13	
193.628	0	1	13	
196.003	0	1	12	
196.265	0	1	11	
198.12	1	0	11	
198.276	1	0	10	
200	1	0	10	
nan	nan	nan	nan	
0	1	0	0	
0.850233	1	0	1	
3.44399	1	0	2	
3.82464	1	0	3	
5.39693	1	0	4	
6.51252	1	0	5	
6.82011	1	0	6	
7.49385	1	0	7	
8.65595	1	0	8	
9.31677	1	0	9	
9.90124	1	0	10	
10.4627	1	0	11	
11.9889	1	0	10	
12.5049	1	0	11	
12.8626	1	0	12	
13.1494	1	0	13	
14.0599	1	0	14	
14.9329	1	0	15	
15.2792	1	0	14	
15.5673	1	0	15	
16.0096	1	0	16	
16.0807	1	0	17	
16.1629	1	0	18	
17.2531	1	0	19	
17.9424	1	0	20	
19.1801	1	0	19	
19.2796	1	0	20	
20.215	1	0	21	
20.8551	1	0	20	
21.1365	1	0	19	
21.7002	1	0	18	
21.867	1	0	17	
21.8953	1	0	18	
21.9822	1	0	19	
23.0129	1	0	18	
23.8355	1	0	17	
23.8535	1	0	18	
24.0365	1	0	19	
24.6661	1	0	20	
24.7463	1	0	21	
24.7929	1	0	20	
24.9284	1	0	21	
25.4987	1	0	22	
26.6547	0	1	22	
26.7847	0	1	21	
28.888	0	1	20	
30.4329	1	0	20	
31.4362	1	0	21	
31.8268	1	0	22	
31.9591	1	0	23	
35.172	1	0	24	
35.5678	1	0	25	
36.9448	1	0	26	
37.5844	1	0	27	
37.5883	1	0	28	
38.7664	1	0	29	
39.7612	1	0	30	
40.5496	1	0	29	
40.7382	1	0	28	
41.0168	1	0	27	
41.2244	1	0	28	
41.9345	1	0	29	
42.7823	1	0	30	
43.1032	1	0	31	
44.2579	1	0	32	
45.08	1	0	33	
46.1284	1	0	34	
46.3875	1	0	35	
46.6045	1	0	36	
47.731	0	1	36	
50.7849	0	1	35	
52.514	0	1	34	
53.591	0	1	33	
56.1814	0	1	32	
58.0878	0	1	31	
58.2186	0	1	30	
58.6386	0	1	29	
59.962	0	1	28	
61.1077	0	1	27	
61.9028	0	1	26	
62.051	1	0	26	
63.5007	1	0	27	
65.3997	1	0	28	
65.7815	1	0	27	
66.3785	1	0	28	
66.5154	1	0	29	
67.1838	1	0	30	
67.7998	1	0	31	
67.9301	1	0	30	
68.8606	1	0	29	
68.8755	1	0	30	
69.3544	1	0	31	
70.0787	1	0	32	
70.0976	1	0	31	
70.3813	1	0	32	
70.7275	1	0	33	
71.5367	1	0	32	
72.161	1	0	33	
72.3672	1	0	32	
73.49	1	0	33	
73.5373	1	0	32	
74.0768	1	0	31	
74.2525	1	0	30	
74.5271	1	0	31	
74.9658	1	0	30	
75.1908	1	0	31	
75.6498	1	0	32	
76.0216	1	0	31	
76.9994	1	0	32	
77.3833	1	0	31	
79.3686	1	0	30	
80.5842	1	0	29	
81.7759	1	0	30	
82.5417	1	0	29	
83.2557	1	0	28	
85.8496	1	0	27	
87.059	0	1	27	
88.7255	0	1	26	
90.3575	0	1	25	
93.581	0	1	24	
93.5988	0	1	23	
96.1098	1	0	23	
97.0181	1	0	22	
97.0461	1	0	23	
97.5798	1	0	24	
98.7091	0	1	24	
100.227	0	1	23	
101.619	0	1	22	
102.83	0	1	21	
105.756	0	1	20	
106.385	0	1	19	
111.378	0	1	18	
113.105	1	0	18	
113.335	0	1	18	
120.269	1	0	18	
121.975	1	0	19	
122.047	1	0	20	
122.753	1	0	21	
123.382	1	0	22	
123.845	1	0	23	
124.273	1	0	24	
124.871	1	0	25	
125.113	1	0	26	
125.455	1	0	25	
126.497	1	0	24	
126.661	1	0	25	
127.704	1	0	26	
128.07	1	0	27	
128.367	1	0	26	
129.094	1	0	25	
130.036	1	0	24	
130.064	1	0	25	
130.608	1	0	24	
130.881	1	0	25	
131.009	1	0	24	
131.269	1	0	25	
131.491	1	0	26	
131.82	1	0	25	
132.776	1	0	26	
133.239	1	0	25	
133.888	1	0	26	
134.951	1	0	27	
135.531	0	1	27	
138.363	1	0	27	
139.248	1	0	26	
139.363	1	0	27	
139.506	1	0	28	
141.235	1	0	29	
141.992	1	0	28	
142.115	1	0	29	
143.195	1	0	28	
143.214	1	0	29	
144.518	1	0	30	
144.663	1	0	31	
145.303	0	1	31	
147.438	0	1	30	
147.603	0	1	29	
148.916	0	1	28	
149.282	0	1	27	
153.353	0	1	26	
153.807	0	1	25	
155.863	0	1	24	
157.219	0	1	23	
157.251	0	1	22	
159.058	0	1	21	
159.16	0	1	20	
161.383	0	1	19	
163.425	0	1	18	
164.158	0	1	17	
164.194	1	0	17	
164.504	1	0	16	
164.511	1	0	17	
164.695	1	0	18	
165.746	1	0	17	
165.892	1	0	18	
165.963	1	0	19	
166.631	1	0	20	
168.267	1	0	21	
168.413	1	0	22	
170.973	1	0	23	
172.156	1	0	24	
172.371	1	0	23	
173.742	1	0	22	
174.434	1	0	21	
175.33	0	1	21	
178.273	0	1	20	
178.892	0	1	19	
179.644	1	0	19	
180.733	1	0	20	
182.411	1	0	19	
183.415	1	0	20	
183.451	1	0	21	
184.559	1	0	20	
184.848	1	0	19	
185.562	1	0	20	
187.688	1	0	19	
188.161	1	0	18	
188.429	1	0	17	
188.703	1	0	18	
189.635	1	0	19	
190.156	1	0	20	
191.326	1	0	21	
191.392	1	0	22	
191.433	1	0	23	
191.668	0	1	23	
192.296	0	1	22	
192.599	0	1	21	
192.829	1	0	21	
192.864	1	0	22	
193.623	1	0	21	
194.154	1	0	22	
195.078	1	0	23	
196.299	1	0	24	
196.979	1	0	23	
197.003	1	0	24	
197.028	1	0	25	
198.002	1	0	24	
199.77	1	0	25	
200	1	0	25	
nan	nan	nan	nan	
0	1	0	0	
0.183021	1	0	1	
1.56006	1	0	2	
1.66081	1	0	3	
3.15962	1	0	4	
3.18651	1	0	5	
4.17994	1	0	6	
5.4715	1	0	7	
6.71317	1	0	8	
6.79634	1	0	9	
6.92222	1	0	10	
6.99941	1	0	9	
9.91226	1	0	10	
11.5782	1	0	11	
13.5683	1	0	12	
13.7398	1	0	13	
13.7878	1	0	14	
16.0168	1	0	15	
18.1697	1	0	14	
18.6309	0	1	14	
19.3509	1	0	14	
20.0769	1	0	15	
20.3646	1	0	14	
20.5915	1	0	15	
20.9628	1	0	16	
21.1314	1	0	17	
21.3099	1	0	16	
22.1558	0	1	16	
24.0272	0	1	15	
27.2614	1	0	15	
27.6812	1	0	14	
27.903	1	0	15	
28.7164	1	0	16	
28.8369	1	0	17	
29.0889	1	0	18	
29.6487	1	0	19	
29.7191	1	0	18	
29.8052	1	0	17	
30.0489	1	0	18	
30.2102	1	0	17	
31.7509	1	0	18	
32.0488	1	0	19	
32.9523	1	0	20	
34.2791	1	0	19	
34.4491	1	0	18	
34.5488	0	1	18	
35.0239	0	1	17	
38.5857	1	0	17	
40.1785	1	0	18	
41.3863	1	0	17	
41.425	1	0	18	
42.1106	1	0	17	
42.6439	1	0	16	
42.8128	1	0	17	
43.7609	1	0	18	
43.934	1	0	19	
44.0298	1	0	18	
44.1428	1	0	19	
45.0129	1	0	18	
45.7046	1	0	17	
46.4073	1	0	16	
50.6025	1	0	15	
52.1583	1	0	16	
52.8797	1	0	17	
52.8908	1	0	18	
53.0932	1	0	19	
53.5572	1	0	20	
55.4838	1	0	21	
55.56	1	0	22	
56.926	1	0	23	
58.7862	1	0	24	
59.4703	1	0	25	
60.558	1	0	26	
60.5747	1	0	25	
61.7582	1	0	26	
61.9514	1	0	25	
61.9821	1	0	26	
62.1352	0	1	26	
64.4586	1	0	26	
64.9287	1	0	27	
66.7787	1	0	28	
66.7915	1	0	29	
67.1856	1	0	28	
67.1958	1	0	29	
69.5848	1	0	28	
69.6299	1	0	27	
69.7286	0	1	27	
75.1088	0	1	26	
76.4399	0	1	25	
76.6968	0	1	24	
77.9343	0	1	23	
78.1466	0	1	22	
78.3912	0	1	21	
78.784	0	1	20	
80.402	0	1	19	
85.4006	0	1	18	
86.7264	0	1	17	
87.7118	1	0	17	
90.9847	1	0	16	
91.2169	1	0	17	
91.2809	1	0	18	
91.5714	1	0	19	
91.7978	1	0	20	
92.4805	1	0	21	
92.5377	1	0	20	
92.9367	1	0	19	
93.899	1	0	20	
94.0487	1	0	19	
95.188	1	0	20	
96.5596	1	0	21	
96.7956	1	0	20	
98.5705	0	1	20	
101.539	0	1	19	
102.452	0	1	18	
108.189	0	1	17	
108.68	1	0	17	
109.5	1	0	18	
110.588	1	0	19	
112.98	1	0	20	
114.172	1	0	21	
114.456	1	0	20	
115.937	1	0	21	
116.632	1	0	22	
117.19	1	0	23	
118.363	1	0	24	
118.482	1	0	23	
119.115	1	0	24	
119.603	1	0	23	
120.176	1	0	22	
125.386	1	0	23	
126.898	1	0	24	
127.29	1	0	25	
127.577	1	0	26	
127.653	1	0	27	
127.716	1	0	26	
128.337	1	0	25	
128.714	1	0	24	
128.956	1	0	25	
130.128	1	0	26	
130.336	1	0	27	
130.528	1	0	26	
130.895	1	0	25	
130.996	1	0	26	
131.363	1	0	25	
132.508	1	0	26	
132.73	1	0	25	
133.153	1	0	24	
133.554	1	0	23	
134.4	1	0	24	
136.033	1	0	25	
136.123	1	0	26	
136.149	0	1	26	
138.969	0	1	25	
140.607	0	1	24	
143.573	0	1	23	
146.469	0	1	22	
147.317	0	1	21	
148.008	0	1	20	
149.401	0	1	19	
152.614	0	1	18	
152.878	0	1	17	
167.619	0	1	16	
167.76	0	1	15	
168.307	0	1	14	
172.132	0	1	13	
173.136	0	1	12	
174.021	0	1	11	
177.42	0	1	10	
180.225	1	0	10	
180.795	1	0	11	
181.754	1	0	12	
182.088	1	0	11	
182.899	0	1	11	
190.992	1	0	11	
191.001	1	0	12	
191.09	1	0	11	
191.196	1	0	12	
191.366	1	0	13	
191.662	1	0	14	
191.781	1	0	13	
191.799	0	1	13	
194.921	0	1	12	
197.62	0	1	11	
200	0	1	11	
nan	nan	nan	nan	
